Epoch	Error train		Error test		Accur train		Accur test
==================================================================
1		332.057			35.097			10.269			10.87
2		304.246			34.04			15.403			6.522
3		289.061			33.473			42.787			23.913
4		282.958			33.244			42.787			23.913
5		279.934			33.008			42.787			23.913
6		273.989			32.306			42.787			23.913
7		262.178			30.968			42.787			23.913
8		244.526			29.089			90.709			89.13
9		222.755			26.785			92.665			91.304
10		199.771			24.23			92.421			93.478
11		177.926			21.646			92.176			91.304
12		157.637			19.162			92.421			93.478
13		138.766			16.808			92.665			93.478
14		120.543			14.59			93.888			93.478
15		102.636			12.465			94.866			95.652
16		86.711			10.525			95.844			95.652
17		73.575			8.832			96.822			95.652
18		63.45			7.432			97.066			97.826
19		55.862			6.333			97.8			97.826
20		49.412			5.306			98.044			97.826
21		43.951			4.413			98.044			97.826
22		39.52			3.663			98.289			97.826
23		35.936			3.121			98.289			97.826
24		33.11			2.661			98.044			97.826
25		30.721			2.246			98.044			97.826
26		28.772			1.998			98.044			97.826
27		27.08			1.804			98.044			97.826
28		25.693			1.601			98.044			97.826
29		24.452			1.42			98.044			97.826
30		23.299			1.408			98.044			97.826
31		22.321			1.453			98.289			97.826
32		21.541			1.451			98.289			97.826
33		20.764			1.254			98.533			100.0
34		20.316			1.097			98.533			100.0
35		19.879			1.094			98.533			100.0
36		19.511			1.141			98.533			100.0
37		18.993			1.173			99.022			100.0
38		18.624			1.115			99.022			100.0
39		18.377			1.173			99.022			100.0
40		18.196			1.325			99.267			97.826
41		17.717			1.186			99.022			100.0
42		17.715			1.04			99.022			100.0
43		17.257			1.226			99.022			100.0
44		17.032			1.36			99.022			97.826
45		16.85			1.482			99.267			97.826
46		16.608			1.37			99.022			97.826
47		16.417			1.415			99.022			97.826
48		16.18			1.56			99.267			97.826
49		15.99			1.635			99.267			97.826
50		15.821			1.563			99.022			97.826
51		15.596			1.679			99.267			97.826
52		15.507			1.817			99.267			97.826
53		15.536			2.068			99.267			97.826
54		15.188			1.838			99.267			97.826
55		15.148			1.716			99.022			97.826
56		15.177			1.569			99.022			97.826
57		14.897			1.714			99.267			97.826
58		14.954			2.25			99.511			97.826
59		14.795			2.247			99.511			97.826
60		14.516			2.022			99.267			97.826
61		14.424			2.237			99.511			97.826
62		14.298			2.347			99.511			97.826
63		14.257			2.602			99.511			97.826
64		14.098			2.633			99.511			97.826
65		14.017			2.242			99.267			97.826
66		13.854			2.425			99.511			97.826
67		13.717			2.655			99.511			97.826
68		13.617			2.814			99.511			97.826
69		13.526			2.855			99.511			97.826
70		13.399			2.931			99.511			97.826
71		13.304			3.039			99.511			97.826
72		13.22			3.146			99.511			95.652
73		13.163			3.371			99.511			95.652
74		13.107			3.024			99.511			95.652
75		12.989			3.094			99.511			95.652
76		12.936			3.663			99.511			95.652
77		12.9			3.977			99.511			95.652
78		12.791			3.597			99.511			95.652
79		12.718			3.787			99.511			95.652
80		12.629			3.551			99.511			95.652
81		12.578			3.465			99.511			95.652
82		12.528			4.004			99.511			95.652
83		12.492			4.079			99.511			95.652
84		12.416			4.097			99.511			95.652
85		12.359			3.691			99.511			95.652
86		12.333			3.27			99.511			95.652
87		12.295			3.178			99.511			95.652
88		12.291			3.703			99.511			95.652
89		12.226			3.417			99.511			95.652
90		12.228			3.16			99.511			95.652
91		12.164			3.831			99.511			95.652
92		12.097			4.191			99.511			95.652
93		12.053			3.996			99.511			95.652
94		12.021			3.936			99.511			95.652
95		11.978			4.256			99.511			95.652
96		11.963			4.437			99.511			95.652
97		11.924			4.278			99.511			95.652
98		11.894			4.197			99.511			95.652
99		11.869			4.219			99.511			95.652
100		11.847			4.401			99.511			95.652
